176
1 1 I
1 2 '
1 3 v
1 4 e
1 5  
1 6 p
1 7 a
1 8 i
1 9 d
1 10  
1 11 m
1 12 y
1 13  
1 14 d
1 15 u
1 16 e
1 17 s
2 1 T
2 2 i
2 3 m
2 4 e
2 5  
2 6 a
2 7 f
2 8 t
2 9 e
2 10 r
2 11  
2 12 t
2 13 i
2 14 m
2 15 e
2 16 .
3 1 I
3 2 '
3 3 v
3 4 e
3 5  
3 6 d
3 7 o
3 8 n
3 9 e
3 10  
3 11 m
3 12 y
3 13  
3 14 s
3 15 e
3 16 n
3 17 t
3 18 e
3 19 n
3 20 c
3 21 e
4 1 B
4 2 u
4 3 t
4 4  
4 5 c
4 6 o
4 7 m
4 8 m
4 9 i
4 10 t
4 11 t
4 12 e
4 13 d
4 14  
4 15 n
4 16 o
4 17  
4 18 c
4 19 r
4 20 i
4 21 m
4 22 e
4 23 .
5 1 A
5 2 n
5 3 d
5 4  
5 5 b
5 6 a
5 7 d
5 8  
5 9 m
5 10 i
5 11 s
5 12 t
5 13 a
5 14 k
5 15 e
5 16 s
5 17  
5 18 ?
6 1 I
6 2 '
6 3 v
6 4 e
6 5  
6 6 m
6 7 a
6 8 d
6 9 e
6 10  
6 11 a
6 12  
6 13 f
6 14 e
6 15 w
6 16 .
7 1 I
7 2 '
7 3 v
7 4 e
7 5  
7 6 h
7 7 a
7 8 d
7 9  
7 10 m
7 11 y
7 12  
7 13 s
7 14 h
7 15 a
7 16 r
7 17 e
7 18  
7 19 o
7 20 f
7 21  
7 22 s
7 23 a
7 24 n
7 25 d
7 26  
7 27 k
7 28 i
7 29 c
7 30 k
7 31 e
7 32 d
7 33  
7 34 i
7 35 n
7 36  
7 37 m
7 38 y
7 39  
7 40 f
7 41 a
7 42 c
7 43 e
8 1 B
8 2 u
8 3 t
8 4  
8 5 I
8 6 '
8 7 v
8 8 e
8 9  
8 10 c
8 11 o
8 12 m
8 13 e
8 14  
8 15 t
8 16 h
8 17 r
8 18 o
8 19 u
8 20 g
8 21 h
8 22 .
